1 00000000 0000000x
  00000000 00000001 01
4 00000000 000xxxx0
  00000000 00000011 03
4 0000000x xxx00000
  00000000 00100011 23

6 00000000 0xxxxxx0
  00000000 00000010 02
8 0xxxxxxx x0000000
  00000000 10000010 82

10 000000x xxxxxxxx x0000000
   0000000 00000000 10000000 80 00

10 00000xxx xxxxxxx0
   00000000 00000010 02 00

14 0000000x xxxxxxxx xxxxx000
   00000000 00000000 00001000 08 00

14 00000000 0xxxxxxx xxxxxxx0
   00000000 00000000 00000010 02 00

14 0xxxxxxx xxxxxxxx x0000000
   00000000 00000000 10000000 08 00



 10100 20

00 + 0    -
01 + 3 -
10 + 2 jump
11 + 1 -


700
900
1100
1300
1500
1700